123
456
789123
456
789123
456
789123
456
789123
456
789123
456
789123
456
789123
456
789123
456
789123
456
789123
456
789123
456
789123
456
789123
456
789123
456
789123
456
789123
456
789123
456
789123
456
789123
456
789123
456
789123
456
789123
456
789123
456
789123
456
789123
456
789123
456
789123
456
789123
456
789123
456
789123
456
789123
456
789123
456
789123
456
789123
456
789123
456
789123
456
789123
456
789123
456
789123
456
789123
456
789123
456
789123
456
789123
456
789123
456
789123
456
789123
456
789123
456
789123
456
789123
456
789123
456
789123
456
789123
456
789123
456
789123
456
789123
456
789123
456
789123
456
789123
456
789123
456
789123
456
789123
456
789123
456
789123
456
789123
456
789123
456
789123
456
789123
456
789123
456
789123
456
789123
456
789123
456
789123
456
789123
456
789123
456
789123
456
789123
456
789123
456
789123
456
789123
456
789123
456
789123
456
789123
456
789123
456
789123
456
789123
456
789123
456
789123
456
789123
456
789123
456
789123
456
789123
456
789123
456
789123
456
789123
456
789123
456
789123
456
789123
456
789123
456
789123
456
789123
456
789123
456
789123
456
789123
456
789123
456
789123
456
789123
456
789123
456
789123
456
789123
456
789123
456
789123
456
789123
456
789123
456
789123
456
789123
456
789123
456
789123
456
789123
456
789123
456
789123
456
789123
456
789123
456
789
